1509446
1509448
1509450
1509452
1509454
1509456
1509458
1509463

1509465
1509467
1509469
1509473
1509478
1509480
1509485
1509492
1509495
1509501
1509498
1509503
1509505
1509508
1509510
1509513
1509522
1509524
1509527
1509535
1509545
1509547
1509549
1509551
1509556
1509558
1509576
1509583
1509585
1509588
1509591
1509605
1509610
1509613
1509617
1509619
1509623
1509625
1509630
1509636
1509638
1509640
1509646
1509648
1509650

1509720
1509738
1510040
1510048
1510050
1510053
1510061
1510066
1510069
1510140
1510138
1510132
1510130
1510145
1510150
1510159
1510161
1510164
1510166
1510173
1510242
1510311
1510309
1510305
1510302
1510300
1510295
1510293

1510328
1510335
1510337
1510343
1510345
1510347
1510349
1510358
1510363
1510365
1510369
1510371
1510388
1510390
1510397
1510440
1510436
1510429
1510426
1510422
1510448
1510454
1510477
1510482
1510484
1510488
1510490
1510492

1510510
1510512
1510522
1510527
1510530
1510538
1510550
1510580
1510584
1510587
1510589
1510613
1510615
1510649
1510653
1510656
1510669
1510681
1510683
1510688
1510702
1510714
1510716
1510718
1510721
1510739
1510757
1510759
1510880
1510883
1510885
1510890
1510901
1510905
1510913
1510911
1510915
1510917
1510919
1510921
1510923
1510925
1510927
1510929
1510938
1510941
1510947
1510949
1510951
1510954
1510957
1510960
1510962
1510964
1510966
1510968
1510974
1510976
1510951
1510954
1510957
1510960
1510962

1510966
1510968
1510974
1510976
1510983
1510993
1511000
1511054
1511029
1511024
1511020
1511018
1511014
1511010
1511006
1511060
1511070
1511091
1511317
1511393
1511395
1511473
1511479
1511792
1511779
1511773
1511757
1511497
1511801
1511811
1511813
1511825
1511827
1511829
1511833
1511838
1511881
1511879
1511876
1511874
1511870
1511854
1511851
1511846
1511843
1511891
1511893
1511895
1511897
1511899
1511902
1511905
1511907
1511910
1511912
1511914
1511990
1512034
1512030
1512028
1512026
1512024
1512019
1512016
1512011
1512008
1512039
1512044
1512046
1512051
1512053
1512058
1512061
1512064
1512067
1512069
1512213
1512214
1512475
1512476
1512478


1512484
1512487
1512489
1512492
1512493
1512497
1512499
1512501
1512506
1512509
1512512
1512515
1512517
1512524
1512528
1512530
1512534
1512538
1512540
1512542
1512545
1512549
1512550
1512552
1512553
1512576
1512579
1512582
1512585
1512589
1512591
1512594
1512596
1512598
1512600
1512603
1512605
1512607
1512609
1512612
1512615
1512617
1512624
1512639
1512641
1512646
1512648
1512652
1512654
1512658
1512662
1512664
1512668
1512672
1512677
1512688
1512700
1512702
1512704
1512706
1512708
1512711
1512721
1512723
1512725
1512729
1512733
1512735
1512737
1512739
1512746
1512761
1512773
1512776
1512778
1512780
1512782
1512852
1513032
1513053
1513094
1513100
1513434
1513436
1513438
1513441
1513444
1513448
1513450
1513460
1513466
1513472
1513485
1513487
1513489
1513494
1513503
1513505
1513508
1513521
1513524
1513526
1513528
1513533
1513579
1513585
1513573
1513564
1513562
1513557
1513553
1513551
1513601
1513612
1513620
1513622
1513624
1513626
1513632
1513634



1513636
1513642
1513644
1513652
1513717
1513719
1513729
1513737
1513751
1513758
1513763
1513770
1513777
1513784
1513788
1513793
1513800
1513807
1513814
1513821
1513828
1513835
1513843
1513841
1513846
1513849
1513851
1513853
1513855
1513858
1513860
1513867
1513871
1513876
1513880
1513911
1513914
1513916
1513918
1513920
1513926
1513938
1513951
1513957
1513971
1513977
1514152
1514155
1514181
1514185
1514238
1514236
1514233
1514230
1514220
1514207
1514204
1514196
1514251
1514257
1514262
1514294
1514300
1514303
1514305
1514309
1514316
1514319
1514326
1514329
1514336
1514341
1514345
1514356
1514362
1514373
1514375
1514377
1514380
1514382
1514387
1514392
1514407
1514433
1514455
1514457
1514464
1514467
1514469
1514471
1514475
1514477
1514480
1514484
1514486
1514487
1514490
1514494
1514496
1514498
1514500
1514502
1514512
1514516
1514526
1514529
1514577
1514575
1514573
1514571
1514569
1514567
1514565
1514563
1514561
1514559
1514557
1514552
1514547
1514540
1514584
1514586
1514588
1514590
1514592
1514594
1514612
1514645
1514623
1514621
1514619
1514647
1514653
1514669
1514675
1514682
1514689
1514695
1514701
1514704
1514706



1514732
1515015
1515018
1515025
1515027
1515029
1515031
1515075
1515080
1515083
1515086
1515091
1515149
1515141
1515139
1515137
1515135
1515130
1515124
1515122
1515120
1515118
1515116
1515110
1515108
1515106
1515155
1515158
1515164
1515171
1515269
1515265
1515259
1515246
1515242
1515212
1515312
1515315
1515322
1515393
1515418
1515636
1515638
1515640
1515642
1515645
1515814
1515834
1515933
1516388
1516893
1517603
1517650
1517654
1517667
1517675
1517707
1517709
1517713
1517717
1517726
1517728
1517730
1517738
1518218
1518340
1518384
1518369
1518369
1518349
1518423
1518431
1518436
1518438
1518440
1518447
1518448
1518490
1518535
1519069
1519062
1519058
1519055
1519052
1519044
1518984
1518975
1518945
1518935
1519076
1519072
1519081
1519084
1519087
1519094
1519099
1519117
1519119
1519122
1519124
1519127
1519131
1519134
1519137
1519143
1519150
1519153
1519155
1519158
1519162
1519169
1519172
1519175
1519178
1519185
1519187
1519188
1519191
1519197
1519200
1519205
1519208
1519211
1519215
1519229
1519318
1519323
1519325
1519332
1519333
1519336
1519338
1519342
1519345
1519351
1519355
1519375
1519377
1519379
1519383
1519386
1519388
1519390
1519392
1519398
1519400
1519402
1519404
1519406
1519408
1519410
1519415
1519438
1519441
1519444
1519478
1519480
1519485
1519676
1519732
1519786
1519788
1519791
1519798
1519805
1519812
1519819
1519835
1519871
1520009
1520074
1520214
1520313
1520317
1520315
1520320
1520330
1520332
1520341
1520384
1520382
1520377
1520370
1520361
1520359
1520386
1520388
1520390
1520392
1520402
1520404
1520409
1520414
1520416
1520418
1520420
1520422
1520424
1520427
1520429
1520432
1520542
1520544
1520552
1520554
1520608
1520602
1520596
1520591
1520588
1520577
1520574
1520570
1520567
1520565
1520561
1520612
1520619
1520777
1520771
1520771
1520765
1520767
1520761
1520686
1520676
1520672
1520668
1520666
1520660
1520657
1520655
1520653
1520650
1520779
1520783
1520787
1520785
1520789
1520791
1520793
1520795
1520815
1520824
1520860
1520870
1520863
1520880
1520883
1520898
1520958
1520930
1520920
1520969
